# obj_srvr ignores lines that start with 
# , and the line terminator is the semicolon, not the newline,  so comments can be entered like this.  Notice that the entries below are alphabetized.  
# That way it's easier to tell which reply names have already been used.  
# These replies were created from oracle 8 trace files (except for SERVICES), and then migrated to oracle 9 as is.;


AUTH1              : 04 35 00 00 06 00 00 00 00 00 08 00 17 00 00 00 
                     13 13 41 55 54 48 5F 56 45 52 53 49 4F 4E 5F 53 
                     54 52 49 4E 47 00 00 00 12 12 2D 20 36 34 62 69 
                     74 20 50 72 6F 64 75 63 74 69 6F 6E 00 00 00 00 
                     00 00 00 10 10 41 55 54 48 5F 56 45 52 53 49 4F 
                     4E 5F 53 51 4C 00 00 00 02 02 31 36 00 00 00 00 
                     00 00 00 13 13 41 55 54 48 5F 58 41 43 54 49 4F 
                     4E 5F 54 52 41 49 54 53 00 00 00 01 01 33 00 00 
                     00 00 00 00 00 0F 0F 41 55 54 48 5F 56 45 52 53 
                     49 4F 4E 5F 4E 4F 00 00 00 09 09 31 35 30 39 39 
                     39 32 39 36 00 00 00 00 00 00 00 13 13 41 55 54 
                     48 5F 56 45 52 53 49 4F 4E 5F 53 54 41 54 55 53 
                     00 00 00 01 01 30 00 00 00 00 00 00 00 15 15 41 
                     55 54 48 5F 43 41 50 41 42 49 4C 49 54 59 5F 54 
                     41 42 4C 45 00 00 00 00 00 00 00 00 00 00 00 0F 
                     0F 41 55 54 48 5F 53 45 53 53 49 4F 4E 5F 49 44 
                     00 00 00 01 01 39 00 00 00 00 00 00 00 0F 0F 41 
                     55 54 48 5F 53 45 52 49 41 4C 5F 4E 55 4D 00 00 
                     00 05 05 34 30 37 36 30 00 00 00 00 00 00 00 10 
                     10 41 55 54 48 5F 49 4E 53 54 41 4E 43 45 5F 4E 
                     4F 00 00 00 01 01 31 00 00 00 00 00 00 00 0F 0F 
                     41 55 54 48 5F 4E 4C 53 5F 4C 58 4C 41 4E 00 00 
                     00 00 08 08 41 4D 45 52 49 43 41 4E 00 00 00 00 
                     00 00 00 16 16 41 55 54 48 5F 4E 4C 53 5F 4C 58 
                     43 54 45 52 52 49 54 4F 52 59 00 00 00 00 07 07 
                     41 4D 45 52 49 43 41 00 00 00 00 00 00 00 15 15 
                     41 55 54 48 5F 4E 4C 53 5F 4C 58 43 43 55 52 52 
                     45 4E 43 59 00 00 00 00 01 01 24 00 00 00 00 00 
                     00 00 14 14 41 55 54 48 5F 4E 4C 53 5F 4C 58 43 
                     49 53 4F 43 55 52 52 00 00 00 00 07 07 41 4D 45 
                     52 49 43 41 00 00 00 00 00 00 00 15 15 41 55 54 
                     48 5F 4E 4C 53 5F 4C 58 43 4E 55 4D 45 52 49 43 
                     53 00 00 00 00 02 02 2E 2C 00 00 00 00 00 00 00 
                     13 13 41 55 54 48 5F 4E 4C 53 5F 4C 58 43 44 41 
                     54 45 46 4D 00 00 00 00 09 09 44 44 2D 4D 4F 4E 
                     2D 52 52 00 00 00 00 00 00 00 15 15 41 55 54 48 
                     5F 4E 4C 53 5F 4C 58 43 44 41 54 45 4C 41 4E 47 
                     00 00 00 00 08 08 41 4D 45 52 49 43 41 4E 00 00 
                     00 00 00 00 00 11 11 41 55 54 48 5F 4E 4C 53 5F 
                     4C 58 43 53 4F 52 54 00 00 00 00 06 06 42 49 4E 
                     41 52 59 00 00 00 00 00 00 00 15 15 41 55 54 48 
                     5F 4E 4C 53 5F 4C 58 43 43 41 4C 45 4E 44 41 52 
                     00 00 00 00 09 09 47 52 45 47 4F 52 49 41 4E 00 
                     00 00 00 00 00 00 15 15 41 55 54 48 5F 4E 4C 53 
                     5F 4C 58 43 55 4E 49 4F 4E 43 55 52 00 00 00 00 
                     01 01 24 00 00 00 00 00 00 00 13 13 41 55 54 48 
                     5F 4E 4C 53 5F 4C 58 43 54 49 4D 45 46 4D 00 00 
                     00 00 0E 0E 48 48 2E 4D 49 2E 53 53 58 46 46 20 
                     41 4D 00 00 00 00 00 00 00 13 13 41 55 54 48 5F 
                     4E 4C 53 5F 4C 58 43 53 54 4D 50 46 4D 00 00 00 
                     00 18 18 44 44 2D 4D 4F 4E 2D 52 52 20 48 48 2E 
                     4D 49 2E 53 53 58 46 46 20 41 4D 00 00 00 00 00 
                     00 00 13 13 41 55 54 48 5F 4E 4C 53 5F 4C 58 43 
                     54 54 5A 4E 46 4D 00 00 00 00 12 12 48 48 2E 4D 
                     49 2E 53 53 58 46 46 20 41 4D 20 54 5A 52 00 00 
                     00 00 00 00 00 13 13 41 55 54 48 5F 4E 4C 53 5F 
                     4C 58 43 53 54 5A 4E 46 4D 00 00 00 00 1C 1C 44 
                     44 2D 4D 4F 4E 2D 52 52 20 48 48 2E 4D 49 2E 53 
                     53 58 46 46 20 41 4D 20 54 5A 52 00 00 00 00 04 
                     00 00 00 01 01 00 00 00 00 00 00 00 00 00 00 00 
                     00 00 00 00 00 00 00 00 00 00 00 00 00 00 00 00 
                     00 00 00 00 00 00 00 00 00 00 00 00 00 00 03 00 
                     00 00 00 00 00 36 01 00 00 00 00 00 00 00 00 00 
                     00 00 00 00 00 00 00 00 01 02 C8 64 98 00 00 00 
                     00 00 00 00 00 00 00 00 00 00 00 00 00 00 00 00 
                     00 00 00 00 00 00 00 00 00 00 00 00 00 00 00 00 
                     00 00 00 00 00 00 00 00 00 00 00 00 00 00 00 00 
                     00 00 00 00 00 ;

AUTH2              : 00 CD 00 00 06 00 00 00 00 00 08 00 01 00 00 00 
                     0C 0C 41 55 54 48 5F 53 45 53 53 4B 45 59 00 00 
                     00 20 20 41 45 43 39 33 30 32 44 42 33 31 39 36 
                     37 37 30 34 42 38 35 31 32 36 36 35 34 30 35 43 
                     41 45 38 00 00 00 00 04 00 00 00 01 01 00 00 00 
                     00 00 00 00 00 00 00 00 00 00 00 00 00 00 00 00 
                     00 00 00 00 00 00 00 00 00 00 00 00 00 00 00 00 
                     00 00 00 00 00 00 02 00 00 00 00 00 00 36 01 00 
                     00 00 00 00 00 00 00 00 00 00 00 00 00 00 00 00 
                     01 02 C8 64 98 00 00 00 00 00 00 00 00 00 00 00 
                     00 00 00 00 00 00 00 00 00 00 00 00 00 00 00 00 
                     00 00 00 00 00 00 00 00 00 00 00 00 00 00 00 00 
                     00 00 00 00 00 00 00 00 00 00 00 00 00 ;

BREAK              : ;

CHAR_MAP           : 03 2C 00 00 06 00 00 00 00 00 02 01 01 01 00 02
                     02 0A 00 08 08 01 00 0C 0C 0A 00 17 17 01 00 18
                     18 01 00 19 19 18 00 1A 1A 19 00 1B 1B 0A 00 1C
                     1C 16 00 1D 1D 17 00 1E 1E 17 00 1F 1F 19 00 20
                     20 01 00 21 21 01 00 0A 0A 01 00 0B 0B 01 00 22
                     22 01 00 23 23 01 00 24 24 01 00 25 25 01 00 26
                     26 01 00 28 28 01 00 29 29 01 00 2A 2A 01 00 2B
                     2B 01 00 2C 2C 01 00 2D 2D 01 00 2E 2E 01 00 2F
                     2F 01 00 30 30 01 00 31 31 01 00 32 32 01 00 33
                     33 01 00 34 34 01 00 35 35 01 00 36 36 01 00 37
                     37 01 00 38 38 01 00 39 39 01 00 3B 3B 01 00 3C
                     3C 01 00 3D 3D 01 00 3E 3E 01 00 3F 3F 01 00 40
                     40 01 00 41 41 01 00 42 42 01 00 43 43 01 00 47
                     47 01 00 48 48 01 00 49 49 01 00 4B 4B 01 00 4D
                     4D 01 00 4E 4E 01 00 4F 4F 01 00 50 50 01 00 51
                     51 01 00 52 52 01 00 53 53 01 00 54 54 01 00 55
                     55 01 00 56 56 01 00 57 57 01 00 59 59 01 00 5A
                     5A 01 00 5C 5C 01 00 5D 5D 01 00 62 62 01 00 63
                     63 01 00 67 67 01 00 6B 6B 01 00 75 75 01 00 78
                     78 01 00 7C 7C 01 00 7D 7D 01 00 7E 7E 01 00 7F
                     7F 01 00 80 80 01 00 81 81 01 00 82 82 01 00 83
                     83 01 00 84 84 01 00 85 85 01 00 86 86 01 00 87
                     87 01 00 89 89 01 00 8A 8A 01 00 8B 8B 01 00 8C
                     8C 01 00 8D 8D 01 00 8E 8E 01 00 8F 8F 01 00 90
                     90 01 00 91 91 01 00 94 94 01 00 95 95 01 00 96
                     96 01 00 97 97 01 00 9D 9D 01 00 9E 9E 01 00 9F
                     9F 01 00 A0 A0 01 00 A1 A1 01 00 A2 A2 01 00 A3
                     A3 01 00 A4 A4 01 00 A5 A5 01 00 A6 A6 01 00 A7
                     A7 01 00 A8 A8 01 00 A9 A9 01 00 AA AA 01 00 AB
                     AB 01 00 AD AD 01 00 AE AE 01 00 AF AF 01 00 B0
                     B0 01 00 B1 B1 01 00 C1 00 C2 00 C6 00 C7 00 C8
                     00 C9 00 CA 00 CB 00 CC 00 CD 00 CE 00 CF 00 D2
                     00 D3 00 D6 D6 01 00 D7 D7 01 00 D8 D8 01 00 D9
                     D9 01 00 DA DA 01 00 DB DB 01 00 DC DC 01 00 DD
                     DD 01 00 DE DE 01 00 DF DF 01 00 E0 E0 01 00 E1
                     E1 01 00 E2 E2 01 00 E3 00 E4 00 E5 00 E6 00 EA
                     00 03 02 0A 00 04 02 0A 00 05 01 01 00 06 02 0A
                     00 07 02 0A 00 09 01 01 00 0D 00 0E 00 0F 17 01
                     00 10 00 11 00 12 00 13 00 14 00 15 00 16 00 27
                     78 01 00 3A 00 44 02 0A 00 45 00 46 00 4A 00 4C
                     00 58 00 5B 02 0A 00 5E 01 01 00 5F 17 01 00 60
                     60 01 00 61 60 01 00 64 00 65 00 66 66 01 00 68
                     0B 01 00 69 00 6A 6A 01 00 6C 6D 01 00 6D 6D 01
                     00 6E 6F 01 00 6F 6F 01 00 70 70 01 00 71 71 01
                     00 72 72 01 00 73 73 01 00 74 66 01 00 76 00 77
                     00 79 00 7A 00 7B 00 88 00 92 92 01 00 93 93 01
                     00 98 02 0A 00 99 02 0A 00 9A 02 0A 00 9B 01 01
                     00 9C 0C 0A 00 AC 02 0A 00 B2 00 B3 00 B4 00 B5
                     00 B6 00 B7 00 B8 00 B9 00 BA 00 BB 00 BC 00 BD
                     00 BE 00 BF 00 C0 00 C3 00 C4 00 C5 00 D0 00 D1
                     00 D4 00 D5 00 E7 00 E8 00 E9 00 00 ;

CLIENT_ID          : 00 4B 00 00 06 00 00 00 00 00 08 10 00 42 45 39
                     30 46 46 39 31 42 37 33 46 37 44 34 36 04 00 00
                     00 00 00 00 00 00 00 00 00 00 00 00 00 00 40 00
                     00 00 00 00 00 00 00 00 00 00 00 00 00 00 00 00
                     00 00 00 00 02 00 00 00 00 00 00 ;

CLIENT_TYPE        : 00 8B 00 00 06 00 00 00 00 00 01 05 00 41 4C 50
                     48 41 2F 56 4D 53 2D 38 2E 31 2E 30 2D 36 34 00
                     01 00 00 00 00 00 64 00 00 00 60 01 21 0F 05 0B
                     0C 03 0C 0C 05 04 05 0D 06 09 07 08 05 0F 05 05
                     05 0F 05 05 05 05 05 0A 05 05 05 05 05 18 9D 08
                     23 47 23 47 08 11 23 08 11 41 B0 47 00 83 00 01
                     00 01 03 00 00 00 00 00 00 00 00 00 00 00 00 00
                     00 00 00 00 00 00 00 00 00 00 00 00 00 00 00 00
                     00 00 00 00 00 00 00 00 00 00 00 ;

DBMS_OUTPUT_OFF    : 00 AB 00 00 06 00 00 00 00 00 08 00 05 D5 65 11 
                     06 00 00 02 00 00 00 00 01 00 00 00 01 00 00 00 
                     00 00 00 00 00 04 00 00 00 00 01 00 00 00 01 00 
                     00 00 00 00 00 00 01 00 00 2F 00 00 00 00 00 00 
                     00 00 00 00 00 00 00 00 00 00 00 00 00 00 00 00 
                     00 00 00 00 0F 00 00 00 00 00 01 36 01 00 00 00 
                     00 00 00 00 00 00 00 00 00 00 00 00 00 00 01 02 
                     C8 64 98 00 00 00 00 00 00 00 00 00 00 00 00 00 
                     00 00 00 00 00 00 00 00 00 00 00 00 00 00 00 00 
                     00 00 00 00 00 00 00 00 00 00 00 00 00 00 00 00 
                     00 00 00 00 00 00 00 00 00 00 00 ;

DECODE_TEST        : 01 66 00 00 06 00 00 00 00 00 10 1D 74 2B 30 04 
                     00 00 00 03 81 75 62 50 00 00 78 67 05 1E 0F 37 
                     20 00 08 0C B5 00 00 00 00 00 00 00 01 00 00 00 
                     01 4B 01 01 87 00 00 00 00 00 01 00 00 00 00 00 
                     00 00 00 00 00 00 00 00 00 00 00 00 00 00 00 00 
                     01 01 00 00 00 00 01 00 00 00 00 01 17 00 00 00 
                     17 17 44 45 43 4F 44 45 28 27 41 27 2C 27 41 27 
                     2C 27 31 27 2C 27 32 27 29 00 00 00 00 00 00 00 
                     00 00 00 00 07 07 78 67 05 1E 10 13 3A 06 01 02 
                     00 00 01 00 00 00 02 00 00 00 00 02 9B FE F8 00 
                     00 00 00 00 00 00 00 00 00 00 01 01 8C 13 F8 00 
                     00 00 00 00 00 00 00 00 00 00 01 00 00 00 00 07 
                     01 31 00 00 00 00 04 00 00 00 00 01 00 00 00 01 
                     05 7B 00 00 00 00 00 01 00 00 03 00 20 00 00 00 
                     00 00 00 00 00 00 00 00 00 00 00 00 00 00 00 00 
                     00 00 00 00 00 1A 00 00 00 00 00 01 36 01 00 00 
                     00 00 00 00 00 00 00 00 00 00 00 00 00 00 00 01 
                     02 C8 64 98 00 00 00 00 00 00 00 00 00 00 00 00 
                     00 00 00 00 00 00 00 00 00 00 00 00 00 00 00 00 
                     00 00 00 00 00 00 00 00 00 00 00 00 00 00 00 00 
                     00 00 00 00 00 00 00 00 00 00 00 00 19 4F 52 41 
                     2D 30 31 34 30 33 3A 20 6E 6F 20 64 61 74 61 20 
                     66 6F 75 6E 64 0A ;

DESC_COLS          : ;

DESC_COLS_CMD      : 00 22 00 00 06 00 00 00 00 00 03 2b 15 01 00 00
                     00 01 00 00 00 01 01 20 00 00 00 01 01 c0 03 00
                     00 01 ;

FETCH              : ;

FETCH_CMD          : 00 69 00 00 06 00 00 00 00 00 03 47 16 50 80 00
                     00 01 00 00 00 00 00 00 00 00 00 00 00 00 00 01
                     07 00 00 00 01 02 00 00 00 00 01 01 00 00 00 00
                     00 00 00 00 00 00 00 00 01 00 00 00 00 00 00 00
                     00 00 00 00 00 00 00 00 00 00 00 00 00 00 00 00
                     01 06 00 00 40 00 00 00 00 00 00 00 00 00 00 00
                     00 00 00 00 00 00 01 00 00 ;

FETCH_CMD70        : 00 6d 00 00 06 00 00 00 00 00 03 47 16 50 80 00
                     00 01 00 00 00 00 00 00 00 00 00 00 00 00 00 01
                     07 00 00 00 01 02 00 00 00 00 01 01 00 00 00 00
                     00 00 00 00 00 00 00 00 01 00 00 00 00 00 00 00
                     00 00 00 00 00 00 00 00 00 00 00 00 00 00 00 00
                     01 06 00 00 40 00 00 00 00 00 00 00 00 00 00 00
                     00 00 00 00 00 00 01 00 00 00 00 00 00 ;

FETCH_MORE         : ;

HANDSHAKE1         : 00 7F 00 00 06 00 00 00 00 00 DE AD BE EF 00 75
                     08 10 73 00 00 04 00 00 04 00 03 00 00 00 00 00
                     04 00 05 08 10 73 00 00 02 00 06 00 1F 00 0E 00
                     01 DE AD BE EF 00 03 00 00 00 02 00 04 00 01 00
                     01 00 02 00 00 00 00 00 04 00 05 08 10 73 00 00
                     02 00 06 FB FF 00 02 00 02 00 00 00 00 00 04 00
                     05 08 10 73 00 00 01 00 02 00 00 03 00 02 00 00
                     00 00 00 04 00 05 08 10 73 00 00 01 00 02 00 ;

HANDSHAKE2         : 00 A5 00 00 06 00 00 00 00 00 01 06 00 53 56 52 
                     34 2D 62 65 2D 36 34 62 69 74 2D 38 2E 31 2E 30 
                     00 01 00 01 00 00 00 64 00 00 00 60 01 21 0F 05 
                     0B 0C 03 0C 0C 05 04 05 0D 06 09 07 08 05 0F 05 
                     05 05 0F 05 05 05 05 05 0A 05 05 05 05 05 04 05 
                     08 23 47 23 47 08 11 23 08 11 41 B0 47 00 83 00 
                     01 07 D0 13 00 00 00 00 00 00 00 00 00 00 00 00 
                     00 00 00 00 00 00 00 00 00 00 00 00 00 00 00 00 
                     00 00 00 00 00 00 00 00 00 00 00 00 15 06 01 01 
                     01 05 01 01 01 01 01 01 01 01 01 01 07 07 03 05 
                     03 00 02 02 01 ;

HANDSHAKE3         : 00 16 00 00 06 00 00 00 00 00 02 80 00 00 00 34 
                     3C 3C 80 00 00 00 ;

HANDSHAKE4         : 00 1A 00 00 06 00 00 00 00 00 08 00 00 00 09 9F 
                     38 00 00 00 00 09 00 00 00 01 ;

HANDSHAKE5         : 00 18 00 00 06 00 00 00 00 00 08 01 00 4F 00 73
                     10 08 09 00 00 00 00 00 ;

HANDSHAKE7         : 00 0B 00 00 06 00 00 00 00 00 09 ;

HANDSHAKE770       : 00 0f 00 00 06 00 00 00 00 00 09 05 00 00 00 ;

HANDSHAKE7_CMD     : 00 11 00 00 06 00 00 00 00 00 03 08 11 01 00 00
                     00 ;

HANDSHAKE7_2_CMD   : 00 0d 00 00 06 00 00 00 00 00 03 0e 10 ;

IDENT_SHORT        : 00 08 00 00 0B 00 00 00 ;

IDENT              : 00 20 00 00 02 00 00 00 01 36 00 00 08 00 7F FF 
                     01 00 00 00 00 20 41 01 00 00 00 00 00 00 00 00 ;

INVALID_USER_PASS  : 00 6c 00 00 06 00 00 00 00 00 04 00 00 00 00 f9
                     03 00 00 00 00 00 00 00 00 00 00 00 00 00 00 00
                     00 00 00 00 00 00 00 00 00 00 00 00 00 00 00 00
                     00 04 00 00 00 00 00 00 33 4f 52 41 2d 30 31 30
                     31 37 3a 20 69 6e 76 61 6c 69 64 20 75 73 65 72
                     6e 61 6d 65 2f 70 61 73 73 77 6f 72 64 3b 20 6c
                     6f 67 6f 6e 20 64 65 6e 69 65 64 0a;

ORA_BANNER         : 00 40 00 00 06 00 00 00 00 00 08 01 00 01 00 01
                     80 00 00 40 00 00 00 00 00 00 00 00 00 00 00 00
                     00 00 00 00 00 01 00 01 01 06 00 00 00 00 00 00
                     00 00 00 00 00 00 07 00 42 41 4E 4E 45 52 22 09 ;

PRODUCT_ATTRIBUTES : 02 25 00 00 06 00 00 00 00 00 10 1D 5E E9 04 62 
                     00 00 00 03 81 1C 65 28 00 00 78 67 05 1E 0F 37 
                     20 00 0A 61 0E 00 00 00 02 00 00 02 ED 00 00 00 
                     05 4B 01 01 87 00 00 00 00 00 F0 00 00 00 00 00 
                     00 00 00 00 00 00 00 00 00 00 00 00 00 00 00 00 
                     01 01 00 00 00 00 F0 00 00 00 00 01 09 00 00 00 
                     09 09 41 54 54 52 49 42 55 54 45 00 00 00 00 00 
                     00 00 00 01 01 87 00 00 00 00 00 F0 00 00 00 00 
                     00 00 00 00 00 00 00 00 00 00 00 00 00 00 00 00 
                     00 01 01 00 00 00 00 F0 00 00 00 00 01 05 00 00 
                     00 05 05 53 43 4F 50 45 00 00 00 00 00 00 00 00 
                     01 02 07 0F 02 00 00 00 16 00 00 00 00 00 00 00 
                     00 00 00 00 00 00 00 00 00 00 00 00 00 00 00 00 
                     00 00 00 00 00 00 00 00 00 01 0D 00 00 00 0D 0D 
                     4E 55 4D 45 52 49 43 5F 56 41 4C 55 45 00 00 00 
                     00 00 00 00 00 01 01 87 00 00 00 00 00 F0 00 00 
                     00 00 00 00 00 00 00 00 00 00 00 00 00 00 00 00 
                     00 00 00 01 01 00 00 00 00 F0 00 00 00 00 01 0A 
                     00 00 00 0A 0A 43 48 41 52 5F 56 41 4C 55 45 00 
                     00 00 00 00 00 00 00 01 0C 07 00 00 00 00 00 01 
                     00 00 00 00 00 00 00 00 00 00 00 00 00 00 00 00 
                     00 00 00 00 00 00 00 00 00 00 00 00 00 00 00 00 
                     01 0A 00 00 00 0A 0A 44 41 54 45 5F 56 41 4C 55 
                     45 00 00 00 00 00 00 00 00 00 00 00 07 07 78 67 
                     05 1E 10 13 3A 04 00 00 00 00 01 00 00 00 00 05 
                     7B 00 00 00 00 00 01 00 00 03 00 00 00 00 00 00 
                     00 00 00 00 00 00 00 00 00 00 00 00 00 00 00 00 
                     00 00 00 00 11 00 00 00 00 00 01 36 01 00 00 00 
                     00 00 00 00 00 00 00 00 00 00 00 00 00 00 01 02 
                     C8 64 98 00 00 00 00 00 00 00 00 00 00 00 00 00 
                     00 00 00 00 00 00 00 00 00 00 00 00 00 00 00 00 
                     00 00 00 00 00 00 00 00 00 00 00 00 00 00 00 00 
                     00 00 00 00 00 00 00 00 00 00 00 19 4F 52 41 2D 
                     30 31 34 30 33 3A 20 6E 6F 20 64 61 74 61 20 66 
                     6F 75 6E 64 0A ;

QUERY_new          : 00 24 00 00 06 00 00 00 00 00 04 00 00 00 00 01
                     01 01 10 03 00 00 00 00 00 00 00 00 00 00 00 00
                     $seq  00 01 01 ;

QUERY_SECOND_new   : 00 23 00 00 06 00 00 00 00 00 04 00 00 00 00 01 
                    01 00 03 00 00 00 00 00 00 00 00 00 00 00 00 $seq 
                    00 01 01 ; 

QUERY              : 00 38 00 00 06 00 00 00 00 00 04 00 00 00 00 00
                     00 00 00 00 00 01 00 00 00 2F 00 40 00 00 00 00
                     00 00 00 00 00 00 00 00 00 00 00 00 00 00 00 00
                     00 09 00 00 01 00 00 00 ;

QUERY70            : 00 4A 00 00 06 00 00 00 00 00 04 05 00 00 00 00
                     00 00 00 00 00 00 00 00 00 01 00 1A 00 03 00 00 
                     00 00 00 00 00 00 00 00 00 00 00 00 00 00 00 00 
                     00 00 00 00 00 25 00 00 01 00 00 00 00 00 00 00 
                     00 00 00 00 00 00 00 00 00 00 ;

QUERY_SECOND       : 00 38 00 00 06 00 00 00 00 00 04 00 00 00 00 00
                     00 00 00 00 00 01 00 00 00 2F 00 40 00 00 00 00
                     00 00 00 00 00 00 00 00 00 00 00 00 00 00 00 00
                     00 09 00 00 01 00 00 00 ;

QUERY_SECOND70     : 00 4a 00 00 06 00 00 00 00 00 04 05 00 00 00 00
                     00 00 00 00 00 00 00 00 00 01 00 00 00 03 00 00
                     00 00 00 00 00 00 00 00 00 00 00 00 00 00 00 00
                     00 00 00 00 00 14 00 00 01 00 00 00 00 00 00 00
                     00 00 00 00 00 00 00 00 00 00 ;

QUERY_SECOND_CMD   : 00 19 00 00 06 00 00 00 00 00 03 04 14 01 00 00
                     00 01 00 00 00 00 00 00 00 ;

QUERY_short        : 00 24 00 00 06 00 00 00 00 00 04 00 00 00 00 01 
                     01 01 63 03 00 00 00 00 00 00 00 00 00 00 00 00 
                     25 00 01 01 ;

QUERY_SECOND_short : 00 23 00 00 06 00 00 00 00 00 04 00 00 00 00 01 
                     01 00 03 00 00 00 00 00 00 00 00 00 00 00 00 26 
                     00 01 01 ;

RESET_NOREPLY      : ;

RESET              : 00 0B 00 00 0C 00 00 00 01 00 02 ;

# SERVICES below just copies oracle 9's services, and changes the sid to
# objsrv, and the port and pid to run-time values.  All kinds of services
# and information are listed that obj_srvr doesn't have or that don't 
# pertain, rather than figure out how to provide a shorter list.  These values 
# are from a linux test machine.;

SERVICES           : 0A 20 00 00 06 00 00 00 00 00 00 00 0A 1C 20 08 
                     FF 03 01 00 12 34 34 34 09 E6 38 10 10 32 10 32 
                     10 32 10 32 10 32 54 76 00 38 10 32 54 76 44 00 
                     00 80 02 00 00 00 00 04 00 00 28 8E 90 0A 90 00 
                     23 00 00 00 34 42 34 35 30 45 32 46 34 46 34 35 
                     2D 32 34 41 41 2D 45 30 33 34 2D 30 30 34 30 30 
                     42 34 30 41 33 31 43 01 00 65 00 01 00 01 00 00 
                     00 00 00 00 00 00 AC 09 00 80 05 00 00 00 00 04 
                     00 00 00 00 00 00 01 00 00 00 10 00 00 00 02 00 
                     00 00 34 6B 90 0A 01 00 00 00 90 43 8B 0A 00 00 
                     00 00 80 8C 90 0A D8 83 E3 5D 2E CA 6D 8E E0 30 
                     D3 8C B0 74 27 48 07 00 00 00 20 E7 F0 55 00 00 
                     00 00 00 00 00 00 47 00 00 00 00 14 00 00 02 00 
                     00 00 AA 00 00 00 00 00 00 00 0A 00 00 00 28 6B 
                     90 0A 6F 62 6A 73 72 76 00 01 00 00 00 0A 00 00 
                     00 01 00 00 00 88 C5 DC 55 02 00 00 00 78 C5 DC 
                     55 00 00 00 00 A8 E2 8B 0A 6F 62 6A 73 72 76 58 
                     44 42 00 0A 00 00 00 88 C5 DC 55 01 00 00 00 28 
                     8C 90 0A 6F 62 6A 73 72 76 58 44 42 00 01 00 00 
                     00 07 00 00 00 01 00 00 00 C0 11 EF 55 02 00 00 
                     00 B0 11 EF 55 00 00 00 00 D0 8D 90 0A 6F 62 6A 
                     73 72 76 00 07 00 00 00 C0 11 EF 55 00 00 00 00 
                     50 E2 8B 0A 6F 62 6A 73 72 76 00 01 00 00 00 52 
                     00 00 00 01 00 00 00 7C A0 CA 55 03 00 00 00 8C 
                     9A E1 55 00 00 00 00 50 8D 90 0A 28 44 65 73 63 
                     72 69 70 74 69 6F 6E 3D 28 41 64 64 72 65 73 73 
                     3D 28 50 72 6F 74 6F 63 6F 6C 3D 74 63 70 29 28 
                     50 6F 72 74 3D 38 30 38 30 29 29 28 50 72 65 73 
                     65 6E 74 61 74 69 6F 6E 3D 48 54 54 50 29 28 53 
                     65 73 73 69 6F 6E 3D 52 41 57 29 29 00 52 00 00 
                     00 7C A0 CA 55 00 00 00 00 00 00 00 00 78 8D 90 
                     0A 28 44 65 73 63 72 69 70 74 69 6F 6E 3D 28 41 
                     64 64 72 65 73 73 3D 28 50 72 6F 74 6F 63 6F 6C 
                     3D 74 63 70 29 28 50 6F 72 74 3D 38 30 38 30 29 
                     29 28 50 72 65 73 65 6E 74 61 74 69 6F 6E 3D 48 
                     54 54 50 29 28 53 65 73 73 69 6F 6E 3D 52 41 57 
                     29 29 00 01 00 00 00 51 00 00 00 01 00 00 00 B4 
                     BF CA 55 03 00 00 00 EC 5A D2 55 00 00 00 00 D0 
                     8C 90 0A 28 44 65 73 63 72 69 70 74 69 6F 6E 3D 
                     28 41 64 64 72 65 73 73 3D 28 50 72 6F 74 6F 63 
                     6F 6C 3D 74 63 70 29 28 50 6F 72 74 3D 32 31 30 
                     30 29 29 28 50 72 65 73 65 6E 74 61 74 69 6F 6E 
                     3D 46 54 50 29 28 53 65 73 73 69 6F 6E 3D 52 41 
                     57 29 29 00 51 00 00 00 B4 BF CA 55 00 00 00 00 
                     00 00 00 00 F8 8C 90 0A 28 44 65 73 63 72 69 70 
                     74 69 6F 6E 3D 28 41 64 64 72 65 73 73 3D 28 50 
                     72 6F 74 6F 63 6F 6C 3D 74 63 70 29 28 50 6F 72 
                     74 3D 32 31 30 30 29 29 28 50 72 65 73 65 6E 74 
                     61 74 69 6F 6E 3D 46 54 50 29 28 53 65 73 73 69 
                     6F 6E 3D 52 41 57 29 29 00 01 00 00 00 10 00 00 
                     00 02 00 00 00 1C F1 8B 0A 04 00 00 00 BC 43 8B 
                     0A 00 00 00 00 F8 E2 8B 0A D8 83 E3 5D 2E CB 6D 
                     8E E0 30 D3 8C B0 74 27 48 05 00 00 00 94 52 E3 
                     56 3F 00 00 00 EC 15 EF 55 36 00 00 00 FC 43 8B 
                     0A 00 00 00 00 EA 03 00 00 04 10 00 00 01 00 00 
                     00 7C DF D1 55 00 00 00 00 00 00 00 00 00 00 00 
                     00 10 F1 8B 0A 44 30 30 30 00 28 41 44 44 52 45 
                     53 53 3D 28 50 52 4F 54 4F 43 4F 4C 3D 74 63 70 
                     29 28 48 4F 53 54 3D 73 70 72 75 63 65 2E 6F 75
                     73 2E 65 64 75 29 28 50 4F 52 54 
                     3D $port 29 29 00 44 49 53 50 41 54 43 
                     48 45 52 20 3C 6D 61 63 68 69 6E 65 3A 20 64 79 
                     6E 2D 31 31 36 2D 31 37 36 2E 77 6F 75 2E 65 64 
                     75 2C 20 70 69 64 3A 20 $pid  3E 00 01 
                     00 00 00 10 00 00 00 02 00 00 00 0C F2 8B 0A 04 
                     00 00 00 18 47 8B 0A 00 00 00 00 00 00 00 00 D8 
                     83 E3 5D 2E D0 6D 8E E0 30 D3 8C B0 74 27 48 78 
                     C5 DC 55 0A 00 00 00 2A 8E 1C 0A 68 05 00 00 B8 
                     86 90 0A 0D 00 00 00 C8 8E 1C 0A 0B 00 00 00 95 
                     00 00 00 02 20 00 80 01 00 00 00 DC 15 EF 55 00 
                     00 00 00 00 00 00 00 02 00 00 00 00 F2 8B 0A 44 
                     45 44 49 43 41 54 45 44 00 28 41 44 44 52 45 53 
                     53 3D 28 50 52 4F 54 4F 43 4F 4C 3D 42 45 51 29 
                     28 50 52 4F 47 52 41 4D 3D 2F 75 73 72 2F 6C 6F 
                     63 61 6C 2F 6F 72 61 39 69 2F 62 69 6E 2F 6F 72 
                     61 63 6C 65 29 28 41 52 47 56 30 3D 6F 72 61 63 
                     6C 65 6F 62 6A 73 72 76 29 28 41 52 47 53 3D 27 
                     28 4C 4F 43 41 4C 3D 4E 4F 29 27 29 28 45 4E 56 
                     53 3D 27 50 57 44 3D 2F 68 6F 6D 65 2F 68 6A 64 
                     2C 4F 52 41 43 4C 45 5F 53 49 44 3D 6F 62 6A 73 
                     72 76 2C 58 41 55 54 48 4F 52 49 54 59 3D 2F 74 
                     6D 70 2F 2E 67 64 6D 50 45 38 6D 56 4F 2C 57 49 
                     4E 44 4F 57 49 44 3D 32 39 33 36 30 31 34 32 2C 
                     48 4F 53 54 4E 41 4D 45 3D 64 79 6E 2D 31 31 36 
                     2D 31 37 36 2E 77 6F 75 2E 65 64 75 2C 4C 44 5F 
                     4C 49 42 52 41 52 59 5F 50 41 54 48 3D 2F 75 73 
                     72 2F 6C 6F 63 61 6C 2F 6F 72 61 39 69 2F 6C 69 
                     62 2C 53 45 53 53 49 4F 4E 5F 4D 41 4E 41 47 45 
                     52 3D 6C 6F 63 61 6C 2F 64 79 6E 2D 31 31 36 2D 
                     31 37 36 2E 77 6F 75 2E 65 64 75 3A 2F 74 6D 70 
                     2F 2E 49 43 45 2D 75 6E 69 78 2F 31 30 37 35 2C 
                     4C 45 53 53 4F 50 45 4E 3D 7C 2F 75 73 72 2F 62 
                     69 6E 2F 6C 65 73 73 70 69 70 65 2E 73 68 20 25 
                     73 2C 47 44 4D 53 45 53 53 49 4F 4E 3D 44 65 66 
                     61 75 6C 74 2C 47 4E 4F 4D 45 5F 53 45 53 53 49 
                     4F 4E 5F 4E 41 4D 45 3D 44 65 66 61 75 6C 74 2C 
                     55 53 45 52 3D 68 6A 64 2C 4C 53 5F 43 4F 4C 4F 
                     52 53 3D 6E 6F 3D 30 30 3A 66 69 3D 30 30 3A 64 
                     69 3D 30 31 3B 33 34 3A 6C 6E 3D 30 31 3B 33 36 
                     3A 70 69 3D 34 30 3B 33 33 3A 73 6F 3D 30 31 3B 
                     33 35 3A 62 64 3D 34 30 3B 33 33 3B 30 31 3A 63 
                     64 3D 34 30 3B 33 33 3B 30 31 3A 6F 72 3D 30 31 
                     3B 30 35 3B 33 37 3B 34 31 3A 6D 69 3D 30 31 3B 
                     30 35 3B 33 37 3B 34 31 3A 65 78 3D 30 31 3B 33 
                     32 3A 2A 2E 63 6D 64 3D 30 31 3B 33 32 3A 2A 2E 
                     65 78 65 3D 30 31 3B 33 32 3A 2A 2E 63 6F 6D 3D 
                     30 31 3B 33 32 3A 2A 2E 62 74 6D 3D 30 31 3B 33 
                     32 3A 2A 2E 62 61 74 3D 30 31 3B 33 32 3A 2A 2E 
                     73 68 3D 30 31 3B 33 32 3A 2A 2E 63 73 68 3D 30 
                     31 3B 33 32 3A 2A 2E 74 61 72 3D 30 31 3B 33 31 
                     3A 2A 2E 74 67 7A 3D 30 31 3B 33 31 3A 2A 2E 61 
                     72 6A 3D 30 31 3B 33 31 3A 2A 2E 74 61 7A 3D 30 
                     31 3B 33 31 3A 2A 2E 6C 7A 68 3D 30 31 3B 33 31 
                     3A 2A 2E 7A 69 70 3D 30 31 3B 33 31 3A 2A 2E 7A 
                     3D 30 31 3B 33 31 3A 2A 2E 5A 3D 30 31 3B 33 31 
                     3A 2A 2E 67 7A 3D 30 31 3B 33 31 3A 2A 2E 62 7A 
                     32 3D 30 31 3B 33 31 3A 2A 2E 62 7A 3D 30 31 3B 
                     33 31 3A 2A 2E 74 7A 3D 30 31 3B 33 31 3A 2A 2E 
                     72 70 6D 3D 30 31 3B 33 31 3A 2A 2E 63 70 69 6F 
                     3D 30 31 3B 33 31 3A 2A 2E 6A 70 67 3D 30 31 3B 
                     33 35 3A 2A 2E 67 69 66 3D 30 31 3B 33 35 3A 2A 
                     2E 62 6D 70 3D 30 31 3B 33 35 3A 2A 2E 78 62 6D 
                     3D 30 31 3B 33 35 3A 2A 2E 78 70 6D 3D 30 31 3B 
                     33 35 3A 2A 2E 70 6E 67 3D 30 31 3B 33 35 3A 2A 
                     2E 74 69 66 3D 30 31 3B 33 35 3A 2C 4D 41 49 4C 
                     3D 2F 76 61 72 2F 73 70 6F 6F 6C 2F 6D 61 69 6C 
                     2F 68 6A 64 2C 49 4E 50 55 54 52 43 3D 2F 65 74 
                     63 2F 69 6E 70 75 74 72 63 2C 58 4D 4F 44 49 46 
                     49 45 52 53 3D 40 69 6D 3D 6E 6F 6E 65 2C 4C 41 
                     4E 47 3D 65 6E 5F 55 53 2E 69 73 6F 38 38 35 39 
                     31 35 2C 4F 52 41 43 4C 45 5F 48 4F 4D 45 3D 2F 
                     75 73 72 2F 6C 6F 63 61 6C 2F 6F 72 61 39 69 2C 
                     44 49 53 50 4C 41 59 3D 3A 30 2E 30 2C 4C 4F 47 
                     4E 41 4D 45 3D 68 6A 64 2C 53 48 4C 56 4C 3D 32 
                     2C 47 44 4D 5F 4C 41 4E 47 3D 65 6E 5F 55 53 2E 
                     69 73 6F 38 38 35 39 31 35 2C 53 48 45 4C 4C 3D 
                     2F 62 69 6E 2F 62 61 73 68 2C 48 49 53 54 53 49 
                     5A 45 3D 31 30 30 30 2C 48 4F 4D 45 3D 2F 68 6F 
                     6D 65 2F 68 6A 64 2C 53 53 48 5F 41 53 4B 50 41 
                     53 53 3D 2F 75 73 72 2F 6C 69 62 65 78 65 63 2F 
                     6F 70 65 6E 73 73 68 2F 67 6E 6F 6D 65 2D 73 73 
                     68 2D 61 73 6B 70 61 73 73 2C 54 45 52 4D 3D 78 
                     74 65 72 6D 2C 50 41 54 48 3D 2F 62 69 6E 3A 2F 
                     75 73 72 2F 62 69 6E 3A 2F 75 73 72 2F 62 69 6E 
                     2F 58 31 31 3A 2F 75 73 72 2F 6C 6F 63 61 6C 2F 
                     62 69 6E 3A 2F 75 73 72 2F 62 69 6E 3A 2F 75 73 
                     72 2F 58 31 31 52 36 2F 62 69 6E 3A 2F 75 73 72 
                     2F 6C 6F 63 61 6C 2F 6F 72 61 39 69 2F 62 69 6E 
                     3A 2F 68 6F 6D 65 2F 68 6A 64 2F 62 69 6E 3A 2F 
                     75 73 72 2F 6C 6F 63 61 6C 2F 6F 72 61 39 69 2F 
                     62 69 6E 3A 2F 68 6F 6D 65 2F 68 6A 64 2F 62 69 
                     6E 3A 2F 75 73 72 2F 6C 6F 63 61 6C 2F 6F 72 61 
                     39 69 2F 62 69 6E 2C 54 4E 53 5F 41 44 4D 49 4E 
                     3D 2F 68 6F 6D 65 2F 68 6A 64 2C 5F 3D 2F 75 73 
                     72 2F 6C 6F 63 61 6C 2F 6F 72 61 39 69 2F 62 69 
                     6E 2F 73 71 6C 70 6C 75 73 2C 4F 52 41 5F 4E 45 
                     54 32 5F 44 45 53 43 3D 39 2C 31 32 27 29 28 45 
                     4E 56 5F 50 4F 4C 49 43 59 3D 4E 4F 4E 45 29 29 
                     00 4C 4F 43 41 4C 20 53 45 52 56 45 52 00 0A 00 
                     00 00 88 C5 DC 55 01 00 00 00 28 8C 90 0A 6F 62 
                     6A 73 72 76 58 44 42 00 B0 11 EF 55 07 00 00 00 
                     C0 11 EF 55 00 00 00 00 50 E2 8B 0A 6F 62 6A 73 
                     72 76 00 00 00 00;

SESSION            : 00 38 00 00 06 00 00 00 00 00 04 00 00 00 00 00
                     00 00 00 00 00 01 00 00 00 2F 00 40 00 00 00 00
                     00 00 00 00 00 00 00 00 00 00 00 00 00 00 00 00
                     00 09 00 00 01 00 00 00 ;

SESSION_ORAERR     : 00 C9 00 00 06 00 00 00 00 00 04 00 00 00 00 96
                     19 00 00 00 00 01 00 11 00 2F 00 40 00 00 00 00
                     00 00 00 00 00 00 00 00 00 00 00 00 00 00 00 00
                     00 0A 00 00 01 00 00 00 90 4F 52 41 2D 30 36 35
                     35 30 3A 20 6C 69 6E 65 20 31 2C 20 63 6F 6C 75
                     6D 6E 20 31 38 3A 0A 50 4C 53 2D 30 30 32 30 31
                     3A 20 69 64 65 6E 74 69 66 69 65 72 20 27 53 51
                     4C 43 51 52 5F 4C 4F 47 49 4E 43 48 45 43 4B 27
                     20 6D 75 73 74 20 62 65 20 64 65 63 6C 61 72 65
                     64 0A 4F 52 41 2D 30 36 35 35 30 3A 20 6C 69 6E
                     65 20 31 2C 20 63 6F 6C 75 6D 6E 20 37 3A 0A 50
                     4C 2F 53 51 4C 3A 20 53 74 61 74 65 6D 65 6E 74
                     20 69 67 6E 6F 72 65 64 0A ;

SET_LANG           : 00 38 00 00 06 00 00 00 00 00 04 00 00 00 00 00
                     00 00 00 00 00 01 00 00 00 2A 00 40 00 00 00 00
                     00 00 00 00 00 00 00 00 00 00 00 00 00 00 00 00
                     00 06 00 00 01 00 00 00 ;

SQL                : 00 DE 00 00 06 00 00 00 00 00 0B 01 05 00 00 01 
                     00 00 00 01 00 00 00 03 80 01 F3 C8 00 00 00 00 
                     00 00 00 00 00 00 00 03 85 C1 F9 48 00 00 00 00 
                     00 00 00 01 00 00 00 01 02 D9 F9 80 20 08 00 05 
                     D5 65 11 06 00 00 02 00 00 00 00 01 00 00 00 01 
                     00 00 00 00 00 00 00 00 04 00 00 00 00 01 00 00 
                     00 01 00 00 00 00 00 00 00 01 00 00 2F 00 00 00 
                     00 00 00 00 00 00 00 00 00 00 00 00 00 00 00 00 
                     00 00 00 00 00 00 00 18 00 00 00 00 00 01 36 01 
                     00 00 00 00 00 00 00 00 00 00 00 00 00 00 00 00 
                     00 01 02 C8 64 98 00 00 00 00 00 00 00 00 00 00 
                     00 00 00 00 00 00 00 00 00 00 00 00 00 00 00 00 
                     00 00 00 00 00 00 00 00 00 00 00 00 00 00 00 00 
                     00 00 00 00 00 00 00 00 00 00 00 00 00 00 ;

SQL_HS1            : 00 14 00 00 06 00 00 00 00 00 08 00 00 00 01 09 
                     00 00 00 00 ;

SQL_HS2            : 00 14 00 00 06 00 00 00 00 00 08 00 00 00 01 09 
                     00 00 00 00 ;

SQL_HS3            : 00 0F 00 00 06 00 00 00 00 00 09 00 00 00 01 ;

SQL_OPEN           : 00 10 00 00 06 00 00 00 00 00 08 01 00 00 00 09 ;

SQL_OPEN70         : 00 14 00 00 06 00 00 00 00 00 08 01 00 00 00 09
                     05 00 00 00 ;

SQL_OPEN_CMD       : 00 12 00 00 06 00 00 00 00 00 03 02 12 01 00 00 
                     00 00 ;

UNK1               : 00 9F 00 00 06 00 00 00 00 00 08 00 84 FE 40 4F 
                     72 61 63 6C 65 39 69 20 45 6E 74 65 72 70 72 69 
                     73 65 20 45 64 69 74 69 6F 6E 20 52 65 6C 65 61 
                     73 65 20 39 2E 30 2E 31 2E 31 2E 30 20 2D 20 36 
                     34 62 69 74 20 50 72 6F 64 75 63 74 69 6F 6E 40 
                     0A 57 69 74 68 20 74 68 65 20 50 61 72 74 69 74 
                     69 6F 6E 69 6E 67 20 6F 70 74 69 6F 6E 0A 4A 53 
                     65 72 76 65 72 20 52 65 6C 65 61 73 65 20 39 2E 
                     30 2E 31 2E 31 2E 30 20 2D 20 50 72 6F 64 75 63 
                     04 74 69 6F 6E 00 09 00 11 00 09 00 00 00 01 ;

UNK2               : 00 90 00 00 06 00 00 00 00 00 04 00 00 00 01 01 
                     00 00 00 00 00 00 00 00 00 00 00 01 00 00 03 00 
                     00 00 00 00 00 00 00 00 00 00 00 00 00 00 00 00 
                     00 00 00 00 00 00 00 00 00 08 00 00 00 00 00 00 
                     36 01 00 00 00 00 00 00 00 00 00 00 00 00 00 00 
                     00 00 00 01 02 C8 64 98 00 00 00 00 00 00 00 00 
                     00 00 00 00 00 00 00 00 00 00 00 00 00 00 00 00 
                     00 00 00 00 00 00 00 00 00 00 00 00 00 00 00 00 
                     00 00 00 00 00 00 00 00 00 00 00 00 00 00 00 00 ;

UPDATE_TEST        : 01 31 00 00 06 00 00 00 00 00 10 1D EF 2E B5 24 
                     00 00 00 03 84 2E 1E E0 00 00 78 67 05 1E 0F 37 
                     20 00 08 05 27 00 00 00 01 00 00 00 00 00 00 00 
                     01 4B 01 01 87 00 00 00 00 00 00 00 00 00 00 00 
                     00 00 00 00 00 00 00 00 00 00 00 00 00 00 00 00 
                     01 01 00 00 00 00 00 00 00 00 00 01 04 00 00 00 
                     04 04 4E 55 4C 4C 00 00 00 00 00 00 00 00 00 00 
                     00 07 07 78 67 05 1E 10 13 3A 08 00 05 D5 65 11 
                     06 00 00 02 00 00 00 00 01 00 00 00 01 00 00 00 
                     00 00 00 00 01 00 00 00 00 00 00 00 0B 0B 80 00 
                     00 00 35 3C 3C 80 00 00 00 00 A3 04 00 00 00 00 
                     01 00 00 00 00 00 00 00 00 00 00 00 01 00 00 03 
                     00 00 00 00 00 00 00 00 00 00 00 00 00 00 00 00 
                     00 00 00 00 00 00 00 00 00 00 0D 00 00 00 00 00 
                     01 36 01 00 00 00 00 00 00 00 00 00 00 00 00 00 
                     00 00 00 00 01 02 C8 64 98 00 00 00 00 00 00 00 
                     00 00 00 00 00 00 00 00 00 00 00 00 00 00 00 00 
                     00 00 00 00 00 00 00 00 00 00 00 00 00 00 00 00 
                     00 00 00 00 00 00 00 00 00 00 00 00 00 00 00 00 
                     00 ;

USER_HS1           : 00 0B 00 00 0C 00 00 00 01 00 01 
                     00 0B 00 00 0C 00 00 00 01 00 02 ;

jhUSER_HS1         : 00 9B 00 00 06 00 00 00 00 00 08 00 02 D5 65 11 
                     05 00 00 02 00 04 00 00 00 01 01 00 00 00 00 00 
                     00 00 00 00 00 00 01 00 00 03 00 00 00 00 00 00 
                     00 00 00 00 00 00 00 00 00 00 00 00 00 00 00 00 
                     00 00 00 00 09 00 00 00 00 00 01 36 01 00 00 00 
                     00 00 00 00 00 00 00 00 00 00 00 00 00 00 01 02 
                     C8 64 98 00 00 00 00 00 00 00 00 00 00 00 00 00 
                     00 00 00 00 00 00 00 00 00 00 00 00 00 00 00 00 
                     00 00 00 00 00 00 00 00 00 00 00 00 00 00 00 00 
                     00 00 00 00 00 00 00 00 00 00 00 ;

USER_HS2           : 00 CB 00 00 06 00 00 00 00 00 06 01 02 00 00 01 
                     00 00 00 01 00 00 00 01 00 00 00 71 00 00 00 00 
                     00 00 00 00 00 00 00 03 84 9A 1A 18 00 00 00 00 
                     00 00 00 00 00 00 00 01 02 C7 CE F0 07 07 48 49 
                     43 4B 45 52 4A 04 00 00 00 01 01 00 00 00 01 00 
                     00 00 00 00 00 00 01 00 00 03 00 00 00 00 00 00 
                     00 00 00 00 00 00 00 00 00 00 00 00 00 00 00 00 
                     00 00 00 00 0A 00 00 00 00 00 01 36 01 00 00 00 
                     00 00 00 00 00 00 00 00 00 00 00 00 00 00 01 02 
                     C8 64 98 00 00 00 00 00 00 00 00 00 00 00 00 00 
                     00 00 00 00 00 00 00 00 00 00 00 00 00 00 00 00 
                     00 00 00 00 00 00 00 00 00 00 00 00 00 00 00 00 
                     00 00 00 00 00 00 00 00 00 00 00 ;

USER_PASSWD        : 00 38 00 00 06 00 00 00 00 00 04 00 00 00 00 00
                     00 00 00 00 00 00 00 00 00 00 00 40 00 00 00 00
                     00 00 00 00 00 00 00 00 00 00 00 00 00 00 00 00
                     00 03 00 00 00 00 00 00 ;
